0
-1
-2
-3
-4
-5
-6
-6
-5
-3
0
4
8
13
17
20
22
20
16
10
0
-12
-24
-36
-47
-54
-55
-51
-40
-23
0
27
55
82
103
117
119
109
85
48
0
-54
-110
-161
-202
-226
-228
-206
-159
-89
0
99
200
291
362
402
403
362
277
154
0
-170
-341
-493
-609
-673
-673
-601
-458
-253
0
278
555
801
987
1087
1083
966
735
405
0
-444
-885
-1277
-1573
-1734
-1729
-1542
-1175
-649
0
716
1431
2072
2564
2842
2851
2562
1969
1096
0
-1237
-2508
-3688
-4646
-5252
-5392
-4973
-3940
-2273
0
2806
6032
9524
13106
16583
19759
22451
24498
25779
26214
25779
24498
22451
19759
16583
13106
9524
6032
2806
0
-2273
-3940
-4973
-5392
-5252
-4646
-3688
-2508
-1237
0
1096
1969
2562
2851
2842
2564
2072
1431
716
0
-649
-1175
-1542
-1729
-1734
-1573
-1277
-885
-444
0
405
735
966
1083
1087
987
801
555
278
0
-253
-458
-601
-673
-673
-609
-493
-341
-170
0
154
277
362
403
402
362
291
200
99
0
-89
-159
-206
-228
-226
-202
-161
-110
-54
0
48
85
109
119
117
103
82
55
27
0
-23
-40
-51
-55
-54
-47
-36
-24
-12
0
10
16
20
22
20
17
13
8
4
0
-3
-5
-6
-6
-5
-4
-3
-2
-1
