-5.416157343409301432e-04
-9.781663177753398275e-04
-8.662129918851617805e-04
3.664113192398774251e-05
1.403685646825095223e-03
2.356374081810909231e-03
1.960089986362172423e-03
-4.048318604023858541e-05
-2.763789691094451200e-03
-4.470453281681803850e-03
-3.594211255522066113e-03
4.129905746210051987e-05
4.686576946537953509e-03
7.395115335985406012e-03
5.808290924197729438e-03
-3.907160358671802019e-05
-7.182275563877908026e-03
-1.112202675443735821e-02
-8.579423270832867501e-03
3.426663338096330540e-05
1.019347704413816301e-02
1.554382664150381725e-02
1.181290837591677731e-02
-2.773346260243551148e-05
-1.359042738010977913e-02
-2.045110957772016888e-02
-1.534281490456833492e-02
2.052755093379290540e-05
1.717668085826451821e-02
2.554443521971240527e-02
1.894330882854452017e-02
-1.369268354521847618e-05
-2.070533282001146488e-02
-3.046099269259652104e-02
-2.234999731999744513e-02
8.049461846980032845e-06
2.390424058186225650e-02
3.481300127351807244e-02
2.528876769538898964e-02
-4.035892994005073276e-06
-2.650699910795041928e-02
-3.823274316331717188e-02
-2.750817563201668134e-02
1.634691772709163728e-06
2.828527654432265795e-02
4.041772573258225337e-02
2.881063660205474344e-02
-4.029289116649877684e-07
-2.907767148395491025e-02
9.588308488319358114e-01
-2.907767148395491025e-02
-4.029289116649877684e-07
2.881063660205474344e-02
4.041772573258225337e-02
2.828527654432265795e-02
1.634691772709163728e-06
-2.750817563201668134e-02
-3.823274316331717188e-02
-2.650699910795041928e-02
-4.035892994005073276e-06
2.528876769538898964e-02
3.481300127351807244e-02
2.390424058186225650e-02
8.049461846980032845e-06
-2.234999731999744513e-02
-3.046099269259652104e-02
-2.070533282001146488e-02
-1.369268354521847618e-05
1.894330882854452017e-02
2.554443521971240527e-02
1.717668085826451821e-02
2.052755093379290540e-05
-1.534281490456833492e-02
-2.045110957772016888e-02
-1.359042738010977913e-02
-2.773346260243551148e-05
1.181290837591677731e-02
1.554382664150381725e-02
1.019347704413816301e-02
3.426663338096330540e-05
-8.579423270832867501e-03
-1.112202675443735821e-02
-7.182275563877908026e-03
-3.907160358671802019e-05
5.808290924197729438e-03
7.395115335985406012e-03
4.686576946537953509e-03
4.129905746210051987e-05
-3.594211255522066113e-03
-4.470453281681803850e-03
-2.763789691094451200e-03
-4.048318604023858541e-05
1.960089986362172423e-03
2.356374081810909231e-03
1.403685646825095223e-03
3.664113192398774251e-05
-8.662129918851617805e-04
-9.781663177753398275e-04
-5.416157343409301432e-04
